-8176
21642
30508
-27723
-17518
20533
30112
6947
-43857
-13578
-23559
-14326
-14570
41170
13347
-9528
24553
-32810
-21860
24544
-16217
11120
1907
5049
-22367
-910
23422
783
-2979
31633
28587
1005
-3703
11170
-8821
5460
-604
21411
11114
-46029
-20959
-1234
-20956
6958
40816
10885
-9548
-31550
1660
-15938
-15591
42862
-15499
-1221
4944
-32300
18191
21606
-1406
3157
-15278
-18314
7688
41426
6786
-18865
24015
-15592
207
-13947
3215
-4151
-15007
16037
20345
-6545
-5905
-5473
-40707
18179
9491
1553
-8560
-17652
2262
5737
-14617
30193
-24160
-10392
-1182
-18829
-11925
-18885
36214
-9514
9631
-2437
-8400
9393
2815
33716
